-1 -1 -1 -1 -1 -1 -1 -1 -1 -1 -1 -1 -1 -1 -1 -1 -1 -1 -1 -1 -1 -1 -1 -1 -1 -1 -1 -1 -1 -1 -1 -1  5  5  6  6  6  5  4  4 -1 -1 -1 -1 -1 -1 -1 -1 -1 -1 -1 -1 -1 -1 -1 -1 -1 -1 -1 -1 -1 -1 -1 -1 -1 -1 -1 -1 -1 -1 -1 -1
-1 -1 -1 -1 -1 -1 -1 -1 -1 -1 -1 -1 -1 -1 -1 -1 -1 -1 -1 -1 -1 -1 -1 -1 -1 -1 -1 -1 -1 -1 -1 -1  5  6  6  6  6  5  4  4 -1 -1 -1 -1 -1 -1 -1 -1 -1 -1 -1 -1 -1 -1 -1 -1 -1 -1 -1 -1 -1 -1 -1 -1 -1 -1 -1 -1 -1 -1 -1 -1
-1 -1 -1 -1 -1 -1 -1 -1 -1 -1 -1 -1 -1 -1 -1 -1 -1 -1 -1 -1 -1 -1 -1 -1 -1 -1 -1 -1 -1 -1 -1 -1  5  6  6  6  6  6  5  4 -1 -1 -1 -1 -1 -1 -1 -1 -1 -1 -1 -1 -1 -1 -1 -1 -1 -1 -1 -1 -1 -1 -1 -1 -1 -1 -1 -1 -1 -1 -1 -1
-1 -1 -1 -1 -1 -1 -1 -1 -1 -1 -1 -1 -1 -1 -1 -1 -1 -1 -1 -1 -1 -1 -1 -1 -1 -1 -1 -1 -1 -1 -1 -1  5  6  6  6  6  6  5  4 -1 -1 -1 -1 -1 -1 -1 -1 -1 -1 -1 -1 -1 -1 -1 -1 -1 -1 -1 -1 -1 -1 -1 -1 -1 -1 -1 -1 -1 -1 -1 -1
-1 -1 -1 -1 -1 -1 -1 -1 -1 -1 -1 -1 -1 -1 -1 -1 -1 -1 -1 -1 -1 -1 -1 -1 -1 -1 -1 -1 -1 -1 -1 -1  5  6  6  6  6  6  5  4 -1 -1 -1 -1 -1 -1 -1 -1 -1 -1 -1 -1 -1 -1 -1 -1 -1 -1 -1 -1 -1 -1 -1 -1 -1 -1 -1 -1 -1 -1 -1 -1
-1 -1 -1 -1 -1 -1 -1 -1 -1 -1 -1 -1 -1 -1  5  5  5  5  5  5  5  5  5  5  5  5  5  5  5 -1 -1 -1  6  6  6  6  6  6  6  4 -1 -1 -1  4  4  4  4  4  4  4  4  4  4  4  4  4  4  4 -1 -1 -1 -1 -1 -1 -1 -1 -1 -1 -1 -1 -1 -1
-1 -1 -1 -1 -1 -1 -1 -1 -1 -1 -1 -1 -1 -1  5  5  5  5  5  5  5  5  5  5  5  5  5  5  5 -1 -1 -1  6  6  6  6  6  6  6  5 -1 -1 -1  4  4  4  4  4  4  4  4  4  4  4  4  4  4  4 -1 -1 -1 -1 -1 -1 -1 -1 -1 -1 -1 -1 -1 -1
-1 -1 -1 -1 -1 -1 -1 -1 -1 -1 -1 -1 -1 -1  5  5  5  5  5  5  5  5  5  5  5  5  5  5  5 -1 -1 -1  6  6  6  6  6  6  6  5 -1 -1 -1  4  4  4  4  4  4  4  4  4  4  4  4  4  4  4 -1 -1 -1 -1 -1 -1 -1 -1 -1 -1 -1 -1 -1 -1
-1 -1 -1 -1 -1 -1 -1 -1 -1 -1 -1 -1 -1 -1  5  5  5  5  5  5  5  5  5  5  5  5  5  5  5 -1 -1 -1  6  6  6  6  6  6  6  5 -1 -1 -1  4  4  4  4  4  4  4  4  4  4  4  4  4  4  4 -1 -1 -1 -1 -1 -1 -1 -1 -1 -1 -1 -1 -1 -1
-1 -1 -1 -1 -1 -1 -1 -1 -1 -1 -1 -1 -1 -1  5  5  5  5  5  5  5  5  5  5  5  5  5  5  5 -1 -1 -1  6  6  6  6  6  6  6  6 -1 -1 -1  4  4  4  4  4  4  4  4  4  4  4  4  4  4  4 -1 -1 -1 -1 -1 -1 -1 -1 -1 -1 -1 -1 -1 -1
-1 -1 -1 -1 -1 -1 -1 -1 -1 -1 -1 -1 -1 -1  5  5  5  5  5  5  5  5  5  5  5  5  5  5  5 -1 -1 -1  6  6  6  6  6  6  6  6 -1 -1 -1  4  4  4  4  4  4  4  4  4  4  4  4  4  4  4 -1 -1 -1 -1 -1 -1 -1 -1 -1 -1 -1 -1 -1 -1
-1 -1 -1 -1 -1 -1 -1 -1 -1 -1 -1 -1 -1 -1  5  5  5  5  5  5  5  5  5  5  5  5  5  5  5 -1 -1 -1  6  6  6  6  6  6  6  6 -1 -1 -1  4  4  4  4  4  4  4  4  4  4  4  4  4  4  4 -1 -1 -1 -1 -1 -1 -1 -1 -1 -1 -1 -1 -1 -1
-1 -1 -1 -1 -1 -1 -1 -1 -1 -1 -1 -1 -1 -1  5  5  5  5  5  5  5  5  5  5  5  5  5  5  5 -1 -1 -1  6  6  6  6  6  6  6  6 -1 -1 -1  4  4  4  4  4  4  4  4  4  4  4  4  4  4  4 -1 -1 -1 -1 -1 -1 -1 -1 -1 -1 -1 -1 -1 -1
 4  5  5  5  5  5  5  5  5  5  5  5  5  5  5  5  5  5  5  5  5  5  5  5  5  5  5  5  5  5  5  6  6  6  6  6  6  6  6  6  4  4  4  4  4  4  4  4  4  4  4  4  4  4  4  4  4  4  4  4  4  4  4  5  5  5  5  5  5  5  4  3
 4  5  5  5  5  5  5  5  5  5  5  5  5  5  5  5  5  5  5  5  5  5  5  5  5  5  5  5  5  5  5  5  6  6  6  6  6  6  6  6  5  4  4  4  4  4  4  4  4  4  4  4  4  4  4  4  4  4  4  5  5  5  5  5  5  5  5  5  5  5  4  3
 6  5  5  5  5  5  5  5  5  5  5  5  5  5  5  5  5  5  5  5  5  5  5  5  5  5  5  5  5  5  5  5  6  6  6  6  6  6  6  6  4  4  4  4  4  4  4  4  4  4  4  4  4  4  4  4  5  5  5  5  5  5  5  5  5  5  5  5  5  5  5  4
 7  6  6  6  6  6  6  6  6  5  5  5  5  5  5  5  5  5  5  5  5  5  5  5  5  5  5  5  5  5  5  5  6  6  6  6  6  6  6  6  4  4  4  4  4  4  4  4  4  4  4  4  4  4  5  5  5  5  5  5  5  5  5  5  5  5  5  5  5  5  5  5
 7  7  7  7  7  7  7  7  7  6  6  6  6  5  5  5  5  5  5  5  5  5  5  5  5  5  5  5  5  5  5  5  6  6  6  6  6  6  6  6  5  4  4  4  4  4  4  4  4  4  4  4  5  5  5  5  5  5  5  5  5  5  5  6  6  6  6  6  6  6  6  6
 7  7  7  7  7  7  7  7  7  7  7  7  7  6  6  6  5  5  5  5  5  5  5  5  5  5  5  5  5  5  5  5  6  6  6  6  6  6  6  6  4  4  4  4  4  4  4  4  4  4  5  5  5  5  5  5  5  5  5  6  6  6  6  6  6  6  6  6  6  6  6  6
 7  7  7  7  7  7  7  7  7  7  7  7  7  7  7  7  6  6  5  5  5  5  5  5  5  5  5  5  5  5  5  5  6  6  6  6  6  6  6  6  4  4  4  4  4  4  4  4  4  5  5  5  5  5  5  5  6  6  6  6  6  6  6  6  6  6  6  6  6  6  6  6
 7  7  7  7  7  7  7  7  7  7  7  7  7  7  7  7  7  7  6  6  5  5  5  5  5  5  5  5  5  5  5  5  6  6  6  6  6  6  6  6  4  4  4  4  4  4  4  5  5  5  5  5  5  5  6  6  6  6  6  6  6  6  6  6  6  6  6  6  6  6  6  6
 7  7  7  7  7  7  7  7  7  7  7  7  7  7  7  7  7  7  7  7  6  6  5  5  5  5  5  5  5  5  5  5  6  6  6  6  6  6  6  6  4  4  4  4  4  4  5  5  5  5  5  5  6  6  6  6  6  6  6  6  6  6  6  6  6  6  6  6  6  6  6  6
 7  7  7  7  7  7  7  7  7  7  7  7  7  7  7  7  7  7  7  7  7  7  6  5  5  5  5  5  5  5  5  5  5  6  6  6  6  6  6  6  4  4  4  4  4  5  5  5  5  5  6  6  6  6  6  6  6  6  6  6  6  6  6  6  6  6  6  6  6  6  6  6
 7  7  7  7  7  7  7  7  7  7  7  7  7  7  7  7  7  7  7  7  7  7  7  6  6  5  5  5  5  5  5  5  5  6  6  6  6  6  6  5  4  4  4  4  5  5  5  5  5  6  6  6  6  6  6  6  6  7  6  6  6  6  6  6  6  6  6  6  6  6  6  6
 7  7  7  7  7  7  7  7  7  7  7  7  7  7  7  7  7  7  7  7  7  7  7  7  7  6  5  5  5  5  5  5  5  6  6  6  6  6  6  5  4  4  4  5  5  5  5  6  6  7  7  7  7  7  7  7  7  7  7  7  7  7  7  7  7  7  6  6  6  6  6  6
-1 -1 -1 -1 -1 -1 -1 -1 -1 -1 -1 -1 -1 -1  7  7  7  7  7  7  7  7  7  7  7  7  6  5  5 -1 -1 -1 -1 -1 -1 -1 -1 -1 -1 -1 -1 -1 -1  5  5  6  7  7  7  7  7  7  7  7  7  7  7  7 -1 -1 -1 -1 -1 -1 -1 -1 -1 -1 -1 -1 -1 -1
-1 -1 -1 -1 -1 -1 -1 -1 -1 -1 -1 -1 -1 -1  7  7  7  7  7  7  7  7  7  7  7  7  7  6  5 -1 -1 -1 -1 -1 -1 -1 -1 -1 -1 -1 -1 -1 -1  6  6  7  7  7  7  7  7  7  7  7  7  7  7  7 -1 -1 -1 -1 -1 -1 -1 -1 -1 -1 -1 -1 -1 -1
-1 -1 -1 -1 -1 -1 -1 -1 -1 -1 -1 -1 -1 -1  7  7  7  7  7  7  7  7  7  7  7  7  7  7  6 -1 -1 -1 -1 -1 -1 -1 -1 -1 -1 -1 -1 -1 -1  6  7  7  7  7  7  7  7  7  7  7  7  7  7  7 -1 -1 -1 -1 -1 -1 -1 -1 -1 -1 -1 -1 -1 -1
-1 -1 -1 -1 -1 -1 -1 -1 -1 -1 -1 -1 -1 -1  7  7  7  7  7  7  7  7  7  7  7  7  7  7  7 -1 -1 -1 -1 -1 -1 -1 -1 -1 -1 -1 -1 -1 -1  7  7  7  7  7  7  7  7  7  7  7  7  7  7  7 -1 -1 -1 -1 -1 -1 -1 -1 -1 -1 -1 -1 -1 -1
-1 -1 -1 -1 -1 -1 -1 -1 -1 -1 -1 -1 -1 -1  7  7  7  7  7  7  7  7  7  7  7  7  7  7  7  7  6  5  5  5  5  6  7  7  6  6  6  6  7  7  7  7  7  7  7  7  7  7  7  7  7  7  7  7  7  7  7  7  7  7  7  7  7  7  7  7  7  7
-1 -1 -1 -1 -1 -1 -1 -1 -1 -1 -1 -1 -1 -1  7  7  7  7  7  7  7  7  7  7  7  7  7  7  7  7  7  6  5  5  5  7  7  6  6  6  6  7  7  7  7  7  7  7  7  7  7  7  7  7  7  7  7  7  7  7  7  7  7  7  7  7  7  7  7  7  7  7
-1 -1 -1 -1 -1 -1 -1 -1 -1 -1 -1 -1 -1 -1  7  7  7  7  7  7  7  7  7  7  7  7  7  7  7  7  7  7  6  6  6  6  7  7  6  6  7  7  7  7  7  7  7  7  7  7  7  7  7  7  7  7  7  7  7  7  7  7  7  7  7  7  7  7  7  7  7  7
-1 -1 -1 -1 -1 -1 -1 -1 -1 -1 -1 -1 -1 -1  7  7  7  7  7  7  7  7  7  7  7  7  7  7  7  7  7  7  8  6  6  6  6  7  6  7  7  7  7  7  7  7  7  7  7  7  7  7  7  7  7  7  7  7  7  7  7  7  7  7  7  7  7  7  7  7  7  7
-1 -1 -1 -1 -1 -1 -1 -1 -1 -1 -1 -1 -1 -1 -1 -1 -1 -1 -1 -1 -1 -1 -1 -1 -1 -1 -1 -1 -1 -1 -1 -1 -1 -1 -1 -1 -1 -1 -1 -1 -1 -1 -1 -1 -1 -1 -1 -1 -1 -1 -1 -1 -1 -1 -1 -1 -1 -1  7  7  7  7  7  7  7  7  7  7  7  7  7  7
-1 -1 -1 -1 -1 -1 -1 -1 -1 -1 -1 -1 -1 -1 -1 -1 -1 -1 -1 -1 -1 -1 -1 -1 -1 -1 -1 -1 -1 -1 -1 -1 -1 -1 -1 -1 -1 -1 -1 -1 -1 -1 -1 -1 -1 -1 -1 -1 -1 -1 -1 -1 -1 -1 -1 -1 -1 -1  7  7  7  7  7  7  7  7  7  7  7  7  7  7
-1 -1 -1 -1 -1 -1 -1 -1 -1 -1 -1 -1 -1 -1 -1 -1 -1 -1 -1 -1 -1 -1 -1 -1 -1 -1 -1 -1 -1 -1 -1 -1 -1 -1 -1 -1 -1 -1 -1 -1 -1 -1 -1 -1 -1 -1 -1 -1 -1 -1 -1 -1 -1 -1 -1 -1 -1 -1  7  7  7  7  7  7  7  7  7  7  7  7  7  7
-1 -1 -1 -1 -1 -1 -1 -1 -1 -1 -1 -1 -1 -1 -1 -1 -1 -1 -1 -1 -1 -1 -1 -1 -1 -1 -1 -1 -1 -1 -1 -1 -1 -1 -1 -1 -1 -1 -1 -1 -1 -1 -1 -1 -1 -1 -1 -1 -1 -1 -1 -1 -1 -1 -1 -1 -1 -1  7  7  7  7  7  7  7  7  7  7  7  7  7  7
-1 -1 -1 -1 -1 -1 -1 -1 -1 -1 -1 -1 -1 -1 -1 -1 -1 -1 -1 -1 -1 -1 -1 -1 -1 -1 -1 -1 -1 -1 -1 -1 -1 -1 -1 -1 -1 -1 -1 -1 -1 -1 -1  7  7  7  7  7  7  7  7  7  7  7  7  7  7  7  7  7  7  7  7  7  7  7  7  7  7  7  7  7
-1 -1 -1 -1 -1 -1 -1 -1 -1 -1 -1 -1 -1 -1 -1 -1 -1 -1 -1 -1 -1 -1 -1 -1 -1 -1 -1 -1 -1 -1 -1 -1 -1 -1 -1 -1 -1 -1 -1 -1 -1 -1 -1  7  7  7  7  7  7  7  7  7  7  7  7  7  7  7  7  7  7  7  7  7  7  7  7  7  7  7  7  7
-1 -1 -1 -1 -1 -1 -1 -1 -1 -1 -1 -1 -1 -1 -1 -1 -1 -1 -1 -1 -1 -1 -1 -1 -1 -1 -1 -1 -1 -1 -1 -1 -1 -1 -1 -1 -1 -1 -1 -1 -1 -1 -1  7  7  7  7  7  7  7  7  7  7  7  7  7  7  7  7  7  7  7  7  7  7  7  7  7  7  7  7  7
-1 -1 -1 -1 -1 -1 -1 -1 -1 -1 -1 -1 -1 -1 -1 -1 -1 -1 -1 -1 -1 -1 -1 -1 -1 -1 -1 -1 -1 -1 -1 -1 -1 -1 -1 -1 -1 -1 -1 -1 -1 -1 -1  7  7  7  7  7  7  7  7  7  7  7  7  7  7  7  7  7  7  7  7  7  7  7  7  7  7  7  7  7
-1 -1 -1 -1 -1 -1 -1 -1 -1 -1 -1 -1 -1 -1 -1 -1 -1 -1 -1 -1 -1 -1 -1 -1 -1 -1 -1 -1 -1 -1 -1 -1 -1 -1 -1 -1 -1 -1 -1 -1 -1 -1 -1  7  7  7  7  7  7  7  7  7  7  7  7  7  7  7 -1 -1 -1 -1 -1 -1 -1 -1 -1 -1 -1 -1 -1 -1
-1 -1 -1 -1 -1 -1 -1 -1 -1 -1 -1 -1 -1 -1 -1 -1 -1 -1 -1 -1 -1 -1 -1 -1 -1 -1 -1 -1 -1 -1 -1 -1 -1 -1 -1 -1 -1 -1 -1 -1 -1 -1 -1  6  7  7  7  7  7  7  7  7  7  7  7  7  7  7 -1 -1 -1 -1 -1 -1 -1 -1 -1 -1 -1 -1 -1 -1
-1 -1 -1 -1 -1 -1 -1 -1 -1 -1 -1 -1 -1 -1 -1 -1 -1 -1 -1 -1 -1 -1 -1 -1 -1 -1 -1 -1 -1 -1 -1 -1 -1 -1 -1 -1 -1 -1 -1 -1 -1 -1 -1  6  6  7  7  7  7  7  7  7  7  7  7  7  7  7 -1 -1 -1 -1 -1 -1 -1 -1 -1 -1 -1 -1 -1 -1
-1 -1 -1 -1 -1 -1 -1 -1 -1 -1 -1 -1 -1 -1 -1 -1 -1 -1 -1 -1 -1 -1 -1 -1 -1 -1 -1 -1 -1 -1 -1 -1 -1 -1 -1 -1 -1 -1 -1 -1 -1 -1 -1  6  6  6  7  7  7  7  7  7  7  7  7  7  7  7 -1 -1 -1 -1 -1 -1 -1 -1 -1 -1 -1 -1 -1 -1
 7  7  7  7  7  7  7  7  7  7  7  7  7  7 -1 -1 -1 -1 -1 -1 -1 -1 -1 -1 -1 -1 -1 -1 -1  6  6  6  7  8  8  8  8  8  8  6  6  6  6  6  6  6  6  7  7  7  7  7  7  7  7  7  7  7  7  7  7  7  7  7  7  7  7  7  7  7  7  7
 7  7  7  7  7  7  7  7  7  7  7  7  7  7 -1 -1 -1 -1 -1 -1 -1 -1 -1 -1 -1 -1 -1 -1 -1  6  6  6  7  8  8  8  8  8  8  6  6  6  6  6  6  6  6  6  6  7  7  7  7  7  7  7  7  7  7  7  7  7  7  7  7  7  7  7  7  7  7  7
 7  7  7  7  7  7  7  7  7  7  7  7  7  7 -1 -1 -1 -1 -1 -1 -1 -1 -1 -1 -1 -1 -1 -1 -1  6  6  6  7  8  8  8  8  8  8  7  6  6  6  6  6  6  6  6  6  6  7  7  7  7  7  7  7  7  7  7  7  7  7  7  7  7  7  7  7  7  7  7
 7  7  7  7  7  7  7  7  7  7  7  7  7  7 -1 -1 -1 -1 -1 -1 -1 -1 -1 -1 -1 -1 -1 -1 -1  6  6  6  8  8  8  8  8  8  8  8  6  6  6  6  6  6  6  6  6  6  6  6  7  7  7  7  7  7  7  7  7  7  7  7  7  7  7  7  7  7  7  6
 7  7  7  7  7  7  7  7  7  7  7  7  7  7 -1 -1 -1 -1 -1 -1 -1 -1 -1 -1 -1 -1 -1 -1 -1  6  6  6  8  8  8  8  8  8  8  8  6  6  6 -1 -1 -1 -1 -1 -1 -1 -1 -1 -1 -1 -1 -1 -1 -1  7  7  7  7  7  7  7  7  7  7  7  7  7  6
 6  7  7  7  7  7  7  7  7  7  7  7  7  7 -1 -1 -1 -1 -1 -1 -1 -1 -1 -1 -1 -1 -1 -1 -1  6  6  6  8  8  8  8  8  8  8  8  6  6  6 -1 -1 -1 -1 -1 -1 -1 -1 -1 -1 -1 -1 -1 -1 -1  7  7  7  7  7  7  7  7  7  7  7  7  6  5
 6  7  7  7  7  7  7  7  7  7  7  7  7  7 -1 -1 -1 -1 -1 -1 -1 -1 -1 -1 -1 -1 -1 -1 -1  6  6  6  8  8  8  8  8  8  8  8  6  6  6 -1 -1 -1 -1 -1 -1 -1 -1 -1 -1 -1 -1 -1 -1 -1  6  7  7  7  7  7  7  7  7  7  7  7  6  5
 5  6  7  7  7  7  7  7  7  7  7  7  7  6 -1 -1 -1 -1 -1 -1 -1 -1 -1 -1 -1 -1 -1 -1 -1  6  6  7  8  8  8  8  8  8  8  8  6  6  6 -1 -1 -1 -1 -1 -1 -1 -1 -1 -1 -1 -1 -1 -1 -1  6  6  6  6  6  7  7  7  7  7  7  6  5  4
 5  6  7  7  7  7  7  7  7  6  6  6  6  6  6  6  6  6  5  6  6  6  6  6  6  6  6  6  6  6  6  6  8  8  8  8  8  8  8  8  6  6  6  6  6  6  6  6  6  6  6  6  6  6  6  6  6  6  6  6  6  6  6  6  6  6  6  6  6  5  4  4
 4  4  5  6  6  6  6  6  6  6  6  6  6  6  6  6  5  5  5  6  6  6  6  6  6  6  6  6  6  6  6  6  8  8  8  8  8  8  8  8  6  6  6  6  6  6  6  6  6  6  6  6  6  6  6  6  6  6  6  6  6  6  6  6  6  6  6  6  5  4  3  3
 3  3  4  5  6  6  6  6  6  6  6  6  6  5  5  5  5  5  6  6  6  6  6  6  6  6  6  6  6  6  6  6  8  8  8  8  8  8  8  8  7  6  6  6  6  6  6  6  6  6  6  6  6  6  6  6  6  6  6  6  6  6  6  6  6  6  6  5  4  3  3  3
 3  3  4  5  6  6  6  6  6  5  5  5  5  5  5  5  5  5  6  6  6  6  6  6  6  6  6  6  6  6  6  7  8  8  8  8  8  8  8  8  7  6  6  6  6  6  6  6  6  6  6  6  6  6  6  6  6  6  6  6  6  6  6  6  6  6  6  5  4  3  3  3
-1 -1 -1 -1 -1 -1 -1 -1 -1 -1 -1 -1 -1 -1  5  5  5  5  6  6  6  6  6  6  6  6  6  6  6 -1 -1 -1  8  8  8  8  8  8  8  8 -1 -1 -1  6  6  6  6  6  6  6  6  6  6  6  6  6  6  6 -1 -1 -1 -1 -1 -1 -1 -1 -1 -1 -1 -1 -1 -1
-1 -1 -1 -1 -1 -1 -1 -1 -1 -1 -1 -1 -1 -1  5  5  5  5  6  6  6  6  6  6  6  6  6  6  6 -1 -1 -1  8  8  8  8  8  8  8  8 -1 -1 -1  6  6  6  6  6  6  6  6  6  6  6  6  6  6  6 -1 -1 -1 -1 -1 -1 -1 -1 -1 -1 -1 -1 -1 -1
-1 -1 -1 -1 -1 -1 -1 -1 -1 -1 -1 -1 -1 -1  5  5  5  5  6  6  6  6  6  6  6  6  6  6  6 -1 -1 -1  8  8  8  8  8  8  8  8 -1 -1 -1  6  6  6  6  6  6  6  6  6  6  6  6  6  6  6 -1 -1 -1 -1 -1 -1 -1 -1 -1 -1 -1 -1 -1 -1
-1 -1 -1 -1 -1 -1 -1 -1 -1 -1 -1 -1 -1 -1  5  5  5  5  6  6  6  6  6  6  6  6  6  6  6 -1 -1 -1  8  8  8  8  8  8  8  8 -1 -1 -1  6  6  6  6  6  6  6  6  6  6  6  6  6  6  6 -1 -1 -1 -1 -1 -1 -1 -1 -1 -1 -1 -1 -1 -1
-1 -1 -1 -1 -1 -1 -1 -1 -1 -1 -1 -1 -1 -1  5  5  5  5  6  6  6  6  6  6  6  6  6  6  6 -1 -1 -1  7  8  8  8  8  8  8  8 -1 -1 -1  6  6  6  6  6  6  6  6  6  6  6  6  6  6  6 -1 -1 -1 -1 -1 -1 -1 -1 -1 -1 -1 -1 -1 -1
-1 -1 -1 -1 -1 -1 -1 -1 -1 -1 -1 -1 -1 -1  5  5  5  5  6  6  6  6  6  6  6  6  6  6  6 -1 -1 -1 -1 -1 -1 -1 -1 -1 -1 -1 -1 -1 -1  6  6  6  6  6  6  6  6  6  6  6  6  6  6  6 -1 -1 -1 -1 -1 -1 -1 -1 -1 -1 -1 -1 -1 -1
-1 -1 -1 -1 -1 -1 -1 -1 -1 -1 -1 -1 -1 -1  5  5  5  6  6  6  6  6  6  6  6  6  6  6  6 -1 -1 -1 -1 -1 -1 -1 -1 -1 -1 -1 -1 -1 -1  6  6  6  6  6  6  6  6  6  6  6  6  6  6  6 -1 -1 -1 -1 -1 -1 -1 -1 -1 -1 -1 -1 -1 -1